68 69 8
60 56 96
37 33 40
25 20 95
27 21 46
53 57 143
33 38 110
79 76 22
49 48 82
96 93 86
6 1 123
109 101 6
46 44 26
67 64 141
55 59 79
21 27 125
47 43 10
95 100 25
101 103 138
142 143 60
99 100 135
15 12 122
25 26 36
29 21 9
38 32 92
92 98 25
30 38 66
71 79 83
54 55 129
142 139 88
44 49 66
105 103 133
61 65 40
133 125 120
39 35 126
50 54 100
58 53 136
48 47 143
33 35 13
70 68 134
142 137 60
41 45 64
67 66 12
82 85 61
84 89 15
134 136 34
38 31 91
74 79 134
135 141 102
9 1 98
12 14 2
10 14 62
89 83 91
121 129 91
58 51 72
100 99 1
93 94 84
126 128 60
18 17 123
115 111 71
35 36 92
7 8 48
78 72 43
118 115 127
117 114 25
73 74 16
138 139 35
39 38 76
108 101 75
106 103 31
66 61 53
99 92 3
80 72 66
0 5 45
75 79 20
4 8 84
33 37 61
24 25 90
47 42 84
4 8 20
41 48 131
21 23 3
86 89 37
2 0 143
54 57 75
46 42 17
99 91 66
134 140 115
48 49 80
48 49 127
43 47 75
82 88 122
3 1 47
3 9 121
102 109 116
143 140 46
58 50 120
0 1 55
99 96 77
99 91 128
61 70 108
136 142 43
49 45 114
82 81 63
22 21 75
69 62 24
86 89 136
48 44 64
139 142 11
45 48 8
134 143 111
43 45 114
54 59 104
80 78 100
21 22 74
45 44 54
38 39 82
142 135 21
117 114 75
65 63 50
27 24 105
55 54 143
52 50 130
110 104 68
15 19 25
51 52 18
133 123 90
69 68 111
75 77 141
104 106 71
91 98 115
84 82 43
33 30 13
44 47 4
42 48 56
29 26 93
31 39 27
37 35 8
103 104 83
140 136 86
137 136 60
99 92 133
54 60 79
64 63 105
128 121 45
89 81 127
84 87 35
134 135 108
79 78 23
42 43 36
51 54 29
40 43 119
63 69 46
111 112 76
53 60 129
56 58 61
25 24 52
105 106 134
140 138 37
101 107 92
112 114 14
115 120 6
57 56 124
84 82 41
17 16 104
101 107 126
29 20 130
64 62 91
88 83 141
34 38 110
126 128 94
54 52 111
54 58 36
123 128 81
131 125 18
141 134 96
140 142 31
12 18 47
62 66 77
67 69 143
60 54 65
74 71 46
24 29 141
128 123 75
20 24 122
4 6 131
81 87 9
63 66 71
48 45 129
97 99 72
94 91 63
61 65 35
93 97 15
23 27 18
8 3 68
54 53 65
2 5 74
20 24 101
2 4 122
88 86 94
143 142 107
29 23 0
122 129 115
38 33 143
33 34 88
110 106 23
121 125 116
45 43 10
111 116 104
71 78 114
71 74 92
113 112 25
96 94 131
45 42 140
18 13 70
25 28 0
92 99 78
73 80 111
127 123 94
113 118 1
83 88 136
74 73 43
57 55 97
138 142 107
50 56 98
78 76 68
69 65 28
58 54 26
46 41 85
85 86 2
42 43 97
20 23 111
79 73 129
111 116 74
15 18 134
66 63 74
31 32 93
124 127 69
111 118 136
75 71 116
50 58 67
37 35 130
47 49 79
140 143 82
26 24 120
32 34 76
76 77 11
87 84 110
57 50 61
88 87 121
15 12 79
29 20 41
70 66 113
65 70 44
133 124 41
42 41 10
92 91 107
59 56 141
133 122 115
135 138 130
76 80 59
132 130 56
3 5 19
33 39 117
23 25 62
99 91 8
143 137 31
109 106 128
121 128 17
18 11 63
119 117 2
104 109 62
62 69 52
16 15 119
103 106 15
71 74 40
141 142 63
49 45 17
45 44 78
67 61 45
75 71 96
13 11 140
95 99 101
10 14 89
2 6 127
122 126 140
48 44 135
61 63 18
57 55 80
111 114 6
88 90 94
86 82 10
54 55 121
64 61 112
135 140 90
74 72 68
136 142 3
139 137 26
135 134 97
126 127 48
73 74 6
45 40 86
90 86 22
31 32 124
101 105 42
137 140 70
46 49 22
12 16 96
106 105 121
76 79 83
49 43 92
87 84 7
10 14 67
116 111 88
10 13 88
41 46 71
81 87 65
71 79 68
79 78 18
99 95 81
77 75 35
30 31 2
114 118 62
91 94 121
31 32 15
27 26 137
64 67 118
5 0 70
67 62 31
14 18 117
71 78 93
103 104 111
113 112 68
88 81 30
123 129 42
26 28 61
40 42 54
39 33 128
97 99 32
49 47 90
12 10 112
90 89 77
44 42 21
59 55 110
63 64 89
119 116 102
23 24 125
76 77 118
111 115 22
2 4 81
25 21 112
119 115 138
0 4 61
20 27 6
112 113 32
53 54 20
31 36 134
107 101 49
20 26 30
106 105 20
8 6 136
140 142 102
25 27 106
79 77 98
40 48 36
95 97 103
93 100 81
1 9 69
65 63 136
18 14 36
109 105 140
70 69 122
3 6 41
41 49 65
99 94 102
106 108 55
56 55 88
15 17 26
9 7 56
21 29 61
89 82 50
50 55 36
138 135 115
34 35 110
14 13 89
104 102 88
101 105 58
14 18 42
98 94 12
71 72 101
77 79 60
23 27 91
55 51 118
29 21 83
19 15 76
44 45 117
61 64 24
84 81 10
86 90 131
21 20 135
40 47 54
23 28 143
127 123 29
51 52 131
1 4 114
117 116 57
95 92 36
17 18 75
116 112 108
24 29 113
53 50 68
78 75 119
81 84 94
35 36 67
74 76 61
121 126 9
16 12 133
94 91 101
104 101 41
32 39 9
24 26 136
109 101 113
69 67 129
80 74 97
112 119 52
21 23 82
120 111 32
105 102 13
15 12 54
76 72 13
123 133 2
122 133 138
75 80 133
57 60 84
6 9 118
72 75 128
0 9 124
41 44 104
97 91 19
77 76 65
45 43 77
80 79 141
25 29 55
15 18 54
143 135 17
117 119 86
108 102 89
112 119 89
47 44 37
16 18 70
67 63 2
111 113 89
42 47 6
39 30 90
21 24 138
71 78 0
13 12 65
109 108 126
14 18 21
92 91 52
48 47 138
12 10 29
38 37 74
43 46 20
16 17 92
65 67 75
61 64 114
98 100 47
67 66 57
110 101 132
54 50 132
128 129 90
57 56 78
22 20 73
23 26 128
3 0 53
10 11 61
79 72 35
6 2 100
45 47 99
51 57 11
138 136 121
11 16 65
95 93 131
117 119 123
37 33 136
50 52 24
140 142 105
93 94 46
49 45 119
0 7 84
74 78 21
121 123 78
47 45 132
123 125 43
47 45 132
33 32 78
49 41 97
93 100 16
62 66 9
98 96 23
21 20 13
88 85 72
20 29 77
125 128 63
64 69 43
55 57 71
138 137 64
97 100 130
98 100 118
88 84 97
62 63 28
48 46 112
35 33 12
88 83 14
130 123 134
89 82 107
17 18 50
125 129 29
83 84 27
139 141 32
127 129 136
72 80 9
84 83 65
137 134 89
99 94 128
92 95 31
64 70 31
89 84 3
71 72 91
69 63 3
19 12 94
91 97 122
135 143 91
60 54 134
9 8 63
91 93 103
33 37 25
9 5 92
37 30 75
15 18 59
142 141 82
24 25 111
2 8 63
121 131 23
85 82 37
33 38 21
93 94 119
65 67 123
10 15 109
73 71 99
64 65 9
68 66 117
29 24 135
83 88 42
95 94 70
29 21 53
97 93 4
15 18 85
138 136 50
72 75 136
108 106 122
100 98 14
37 33 15
58 59 102
76 71 140
69 68 126
107 103 141
64 63 78
75 73 42
70 68 101
33 36 96
21 26 101
24 22 39
83 85 120
111 118 88
29 22 56
6 2 47
126 129 19
45 49 89
122 123 141
10 12 65
142 143 82
25 29 129
29 22 85
49 40 107
6 4 16
13 12 104
67 70 47
52 51 120
53 50 3
122 132 98
32 34 80
81 85 134
143 135 59
129 132 140
50 59 141
81 84 100
115 119 141
4 7 97
13 11 53
24 21 64
116 118 8
57 55 101
50 54 140
11 18 72
22 24 43
82 85 14
29 21 134
30 32 15
93 91 71
32 30 28
119 115 39
73 77 24
94 98 135
15 10 38
36 33 105
94 99 35
124 122 24
68 69 28
86 90 111
114 111 22
115 112 9
1 3 101
136 134 77
128 121 25
15 14 1
117 113 17
115 112 93
113 118 78
45 44 106
127 122 101
67 68 112
83 86 18
92 99 9
80 77 106
12 18 20
132 128 11
112 114 24
54 58 26
139 143 19
93 94 106
45 49 54
116 113 33
95 96 104
135 140 126
94 91 54
137 140 52
18 19 38
27 22 95
46 40 76
25 29 123
127 124 102
78 74 35
100 97 14
33 31 43
54 57 10
63 69 127
65 68 54
27 23 101
126 132 2
30 34 63
66 65 6
70 66 108
97 96 54
42 44 51
9 8 73
98 93 15
118 116 57
10 12 37
141 136 41
118 116 136
0 1 42
101 104 45
40 49 118
45 46 12
9 8 108
113 118 7
72 71 62
80 79 23
139 138 57
127 131 80
44 46 96
19 18 102
136 142 34
95 97 122
113 112 34
90 87 66
96 92 124
15 14 143
48 44 34
107 109 60
123 128 101
57 55 91
11 17 24
120 115 107
12 15 63
114 120 65
136 141 50
40 47 8
35 36 63
133 131 43
110 102 130
100 94 123
108 110 39
137 138 102
11 14 102
68 66 72
57 55 84
138 135 70
40 41 142
81 83 32
78 76 138
122 125 76
131 126 90
103 108 39
56 59 104
26 25 80
49 47 21
51 54 78
43 44 52
74 71 53
4 5 137
37 33 75
30 35 25
35 36 109
44 41 142
72 75 127
119 120 100
34 30 26
55 51 114
83 81 110
129 126 58
126 129 39
142 137 71
52 60 75
85 83 23
65 61 123
34 37 7
14 16 141
76 74 26
27 29 121
138 136 16
48 47 80
21 26 115
61 65 87
117 116 11
109 105 139
120 113 26
98 96 125
0 7 17
109 110 117
143 141 57
11 12 60
19 15 104
53 56 143
101 110 95
48 49 14
34 32 4
18 17 60
42 46 39
74 77 21
119 116 23
126 132 93
102 110 123
0 6 133
121 123 29
15 18 33
62 69 97
143 135 53
15 18 46
34 30 112
139 136 108
0 6 130
137 134 34
102 101 8
10 15 121
85 90 6
22 27 133
42 49 122
23 26 42
95 94 38
137 138 58
54 57 115
32 37 64
25 29 140
15 13 1
60 53 107
61 63 134
29 22 2
140 135 109
43 45 22
52 54 114
79 80 130
50 59 19
22 20 30
112 116 46
14 16 92
12 13 112
68 61 18
50 53 131
15 19 44
31 30 2
103 104 83
137 142 53
108 106 72
43 45 105
92 91 35
54 59 46
26 22 43
128 126 22
47 44 1
118 116 76
137 141 43
94 97 33
1 5 64
11 12 131
33 30 127
35 31 140
103 107 70
83 88 26
136 138 67
58 51 73
34 38 132
12 19 143
77 74 122
55 50 127
59 56 12
109 108 138
96 99 101
67 69 88
27 20 36
14 15 83
22 21 52
92 91 88
50 54 46
24 25 95
23 25 74
23 22 4
110 109 55
59 57 76
18 12 51
93 98 130
92 94 16
67 70 75
77 74 131
46 44 127
106 108 41
38 30 75
140 134 27
134 135 78
16 17 120
77 76 10
65 63 111
78 79 49
118 113 18
41 49 30
120 115 56
0 6 77
83 90 79
81 87 110
85 83 125
63 70 96
4 1 54
116 111 33
16 18 54
37 31 73
120 112 12
35 30 47
51 57 68
74 77 137
62 67 87
31 36 43
52 50 70
122 127 94
102 108 94
92 99 59
113 112 78
55 56 125
6 7 87
95 97 66
98 92 29
1 8 31
65 67 138
38 39 21
94 98 40
5 6 38
42 40 50
21 25 97
135 143 101
38 31 81
12 16 109
92 95 65
42 46 142
98 99 129
32 33 104
8 1 131
109 107 17
86 88 140
95 96 75
112 120 103
11 12 64
6 5 103
72 74 8
16 11 131
27 24 83
42 49 119
90 84 120
31 34 142
10 16 61
113 114 49
94 98 35
88 87 95
53 60 113
141 143 80
5 2 35
22 28 73
33 38 110
67 61 23
117 111 70
11 16 67
74 78 136
143 138 122
59 58 138
138 136 60
15 13 71
88 81 27
75 74 38
22 27 99
4 3 87
50 52 46
77 74 30
102 109 72
108 103 123
132 127 0
21 23 65
44 41 66
62 65 3
125 129 54
115 119 19
119 116 18
141 142 40
134 143 37
141 139 1
7 9 58
97 98 33
97 93 108
100 97 104
104 101 131
84 83 61
57 52 86
43 48 100
91 94 134
74 80 118
56 59 64
17 12 142
69 63 34
67 63 79
24 26 52
96 95 18
26 29 79
99 96 25
15 19 40
97 98 42
106 110 3
6 9 22
88 83 142
112 115 9
41 44 124
96 99 52
30 35 131
52 57 32
80 77 93
93 91 90
113 112 19
66 68 123
20 22 73
62 64 6
13 16 69
12 17 38
115 116 11
94 97 110
81 83 55
125 126 74
100 98 14
18 13 131
48 46 63
80 77 0
70 67 80
92 100 21
1 0 75
53 50 74
133 121 100
42 43 37
39 34 74
45 43 10
142 138 17
19 14 56
111 117 128
53 50 85
13 10 8
33 37 28
103 107 73
134 136 64
30 38 133
125 133 3
16 19 140
109 106 86
118 115 39
138 136 132
51 50 16
73 77 14
101 104 142
35 33 53
20 23 138
103 104 28
70 67 86
44 41 111
49 44 96
109 103 24
110 101 17
36 37 75
100 98 121
130 127 136
143 139 113
4 7 33
3 2 13
84 89 118
7 6 96
114 117 12
52 53 70
53 52 122
17 16 93
87 84 65
119 117 34
55 52 15
66 69 14
84 82 69
12 17 7
132 126 99
2 8 98
106 110 116
136 142 13
107 109 114
57 51 23
62 70 73
23 29 101
13 18 76
117 111 127
113 117 30
54 60 127
18 12 61
96 93 42
10 16 120
40 42 126
68 65 140
136 137 118
105 108 97
119 112 76
21 28 59
50 59 128
130 126 18
92 100 105
87 86 53
98 100 80
107 101 83
118 113 79
97 93 115
76 74 115
43 44 79
82 90 103
0 3 128
90 89 64
38 39 88
113 116 84
98 97 74
64 65 124
51 50 99
74 80 4
30 35 11
24 27 117
95 91 81
31 39 102
26 20 14
108 103 112
98 95 78
99 94 109
74 80 46
61 66 36
74 75 49
64 68 100
140 136 71
29 23 143
85 86 113
139 138 114
8 1 108
99 98 110
91 96 115
101 109 123
27 23 44
4 2 10
97 96 41
142 143 112
70 65 60
26 24 40
88 83 105
8 3 130
132 133 31
143 139 8
83 87 58
79 73 96
34 33 86
109 110 73
94 95 125
22 28 99
41 47 96
2 4 131
27 23 54
25 27 15
110 101 63
41 44 90
3 4 128
88 82 38
117 114 36
49 47 108
56 52 61
88 85 20
55 53 13
85 82 63
52 51 65
22 29 43
136 135 24
29 25 122
37 30 48
55 57 68
140 134 15
82 90 41
58 55 34
30 37 115
77 74 65
13 14 68
38 33 50
138 140 88
68 64 47
103 109 87
115 117 110
124 130 142
76 78 3
88 86 132
42 47 56
35 39 104
21 28 142
30 39 112
67 61 17
107 110 98
27 24 65
135 143 128
99 96 64
17 12 132
47 48 61
44 46 93
87 83 65
96 91 125
61 62 124
98 95 103
77 72 42
122 124 43
85 87 94
48 47 25
79 77 142
17 12 103
48 49 133
56 57 30
74 73 60
0 6 76
121 125 100
8 2 12
128 123 143
130 127 71
54 60 74
116 111 136
26 28 3
87 90 52
56 59 125
1 2 25
37 32 20
53 58 102
143 138 92
67 66 56
78 76 27
23 26 16
40 46 0
12 16 39
80 79 107
110 103 22
88 90 19
22 26 13
116 113 76
57 56 128
53 54 19
123 132 103
103 101 45
22 25 99
131 132 65
136 139 102
75 79 6
97 91 74
136 139 78
137 140 39
27 29 30
11 19 96
126 125 109
131 132 118
47 43 105
69 66 16
87 88 46
132 123 44
93 91 76
111 120 23
108 101 28
36 33 65
69 70 102
142 134 47
102 107 90
1 4 87
14 11 90
13 14 64
83 86 27
18 14 65
9 3 79
95 91 111
26 23 14
141 143 41
64 65 36
69 66 48
63 69 13
116 120 127
76 71 68
70 62 10
26 20 10
30 36 132
39 33 106
30 39 91
77 74 48
93 99 115
3 4 141
86 85 49
136 138 80
96 94 84
49 46 34
10 19 29
11 19 128
106 104 15
41 40 94
98 93 136
49 45 127
32 33 19
25 28 89
27 28 5
101 104 111
22 24 114
94 100 59
78 72 114
104 101 64
68 62 137
101 104 39
88 83 103
89 83 96
13 12 74
0 2 130
128 132 86
40 43 4
98 96 55
139 134 132
76 80 39
95 97 39
143 139 14
44 45 51
14 15 89
97 100 5
60 55 14
12 18 66
1 4 38
5 6 109
121 131 12
105 104 17
92 91 127
85 86 29
31 30 23
20 26 123
118 117 124
115 119 125
98 100 52
5 7 76
122 121 30
126 122 43
45 43 39
57 58 64
54 52 126
86 81 111
78 75 111
76 71 51
44 47 13
60 57 29
36 33 100
105 102 84
142 138 60
61 62 95
86 81 141
95 97 54
97 93 83
101 107 42
120 112 80
69 66 72
123 121 78
0 6 91
138 140 119
79 80 108
88 83 123
2 6 20
70 68 75
53 59 111
71 78 27
99 95 53
135 136 107
84 85 46
57 51 114
125 132 72
143 142 3
119 113 128
61 63 133
74 80 52
36 30 116
71 77 141
118 120 8
108 101 140
49 48 92
95 94 58
51 53 128
80 74 34
96 92 49
106 104 93
30 33 51
138 143 36
53 59 142
111 112 136
33 36 56
17 12 122
43 45 32
126 131 43
142 139 73
97 92 25
62 65 115
48 40 57
96 97 49
16 17 113
32 36 14
38 36 42
36 34 54
34 35 71
55 54 69
115 116 53
8 9 141
14 16 34
113 119 57
78 77 23
51 50 12
95 99 105
64 66 83
111 117 64
78 71 38
40 46 118
4 8 75
128 124 69
119 120 107
86 88 45
131 123 35
52 51 135
25 21 141
67 66 31
55 60 90
29 23 62
76 80 58
6 9 70
107 105 40
27 20 112
7 1 75
47 44 96
42 46 65
28 26 136
122 131 109
100 99 79
46 48 26
58 55 65
121 122 29
31 39 141
8 6 38
94 98 77
8 0 80
87 82 97
79 71 124
64 66 119
123 125 90
98 100 128
39 37 125
137 141 67
138 139 8
10 13 110
73 74 123
70 65 26
1 4 136
112 119 4
122 129 65
94 100 44
66 61 141
53 56 75
10 17 77
86 84 123
43 49 80
24 28 137
88 84 134
81 86 105
137 135 62
101 102 57
32 30 66
104 103 48
14 13 24
14 19 66
139 135 119
62 69 49
138 135 30
86 88 74
143 134 68
89 87 99
111 117 18
130 125 60
138 137 68
124 132 26
76 80 62
18 15 70
126 132 86
81 90 69
18 12 88
122 132 42
23 28 9
119 120 70
108 109 56
107 101 92
85 84 59
79 77 130
101 106 92
121 130 101
37 34 131
6 9 120
115 111 65
17 15 58
80 75 101
73 71 56
37 31 42
105 102 34
90 83 105
70 66 119
82 83 23
12 15 52
35 36 120
24 28 92
53 58 80
8 4 77
4 2 114
13 10 79
1 5 55
85 83 103
15 12 140
117 116 2
124 121 25
1 8 21
137 138 69
130 126 65
69 61 9
34 31 81
110 102 15
135 134 38
114 116 128
107 103 97
82 89 30
35 38 40
8 2 50
135 138 103
32 36 28
80 77 15
55 57 45
76 79 129
56 60 105
24 27 46
15 14 121
13 16 26
42 46 15
52 59 91
114 120 124
12 13 139
48 42 113
8 5 142
5 4 101
26 25 110
106 104 76
37 30 28
88 87 23
29 23 139
87 84 61
39 32 117
102 106 29
106 101 39
139 138 32
118 115 91
93 97 5
49 46 132
126 122 62
113 114 92
78 73 51
73 77 118
127 121 18
132 124 18
121 131 19
36 32 94
1 3 72
49 45 66
53 60 21
27 23 49
5 0 27
60 55 17
73 72 60
120 112 123
47 46 99
11 17 127
35 38 119
0 2 41
30 36 107
36 33 84
65 68 60
116 111 0
101 104 57
46 49 112
141 138 69
20 24 34
141 136 104
13 12 0
14 12 98
111 120 83
23 28 122
117 119 85
107 102 0
60 57 140
69 62 18
92 96 117
89 84 22
130 133 139
130 131 101
74 76 90
25 21 4
100 94 39
62 63 123
93 94 22
21 29 13
132 122 102
30 39 49
15 19 137
79 74 60
114 112 106
134 139 86
64 61 73
84 89 73
99 91 139
82 84 139
55 51 65
126 128 89
56 51 47
14 12 95
78 77 66
110 101 35
36 30 83
108 110 9
90 82 12
3 0 113
13 11 46
86 88 1
66 65 141
97 98 54
72 79 3
105 104 0
49 40 19
22 26 89
14 17 98
10 12 115
51 60 86
45 48 4
34 37 79
18 12 23
78 76 37
110 105 91
53 50 15
53 58 104
110 105 96
91 92 10
70 68 15
115 113 20
12 10 72
52 50 87
16 12 6
66 68 98
32 39 87
102 110 11
69 62 33
72 80 41
114 118 49
4 3 11
53 50 123
53 52 137
137 142 96
64 67 141
40 43 92
57 55 66
74 75 107
55 57 69
31 39 121
138 142 74
53 50 92
46 45 136
122 131 91
24 29 130
121 126 42
38 37 11
133 131 103
64 62 5
7 8 11
51 60 29
137 134 70
132 124 45
22 23 13
25 24 46
28 21 15
41 45 57
48 49 115
140 143 75
33 30 78
113 117 98
28 25 42
83 86 102
123 129 137
29 21 106
27 29 63
106 105 139
55 53 11
121 128 68
25 24 108
2 1 42
5 8 23
85 89 51
131 125 111
114 112 76
88 82 3
110 101 22
96 99 35
53 50 64
138 139 75
70 61 20
32 35 67
40 46 97
27 29 53
2 0 25
139 137 85
135 137 77
53 56 125
108 105 27
27 26 110
40 41 111
25 26 74
79 75 85
4 0 134
142 137 94
48 49 70
8 9 127
49 43 129
56 58 18
17 14 6
134 139 119
17 11 70
6 8 20
78 77 31
48 47 53
106 110 88
123 129 108
53 52 38
74 76 39
109 110 119
106 101 122
103 104 24
64 65 141
75 73 85
50 57 76
118 120 62
23 22 13
64 62 57
114 116 109
107 108 8
20 21 62
106 101 74
104 108 12
31 30 61
52 60 139
114 120 59
117 120 28
12 16 82
94 99 103
113 112 3
82 86 10
59 54 119
53 56 47
106 109 33
97 94 136
31 38 77
31 37 101
60 51 42
27 21 105
33 38 100
35 31 85
4 9 103
113 112 130
7 3 86
50 54 16
54 57 81
17 15 63
135 143 53
27 24 59
32 33 82
102 107 37
137 141 19
40 49 126
56 50 3
98 91 64
28 25 62
52 60 32
2 8 55
110 105 131
76 80 22
2 1 66
75 71 112
130 128 97
74 80 1
8 6 100
26 24 143
89 85 91
2 8 12
27 20 2
29 20 103
81 82 130
101 109 95
63 62 123
21 22 134
133 132 41
11 10 85
72 71 36
136 141 11
106 102 54
104 108 137
81 85 72
47 41 118
10 15 27
31 39 137
51 53 93
93 96 12
58 60 140
117 111 63
95 99 10
7 6 113
0 3 65
46 41 70
61 67 41
30 39 123
12 18 59
133 129 115
11 10 143
18 11 34
16 13 72
95 96 12
30 34 143
117 112 68
42 47 130
85 84 112
131 129 76
142 136 67
16 13 51
71 76 103
78 73 55
29 24 9
101 109 141
83 84 6
94 93 48
96 97 87
5 2 35
78 71 134
44 41 85
10 11 52
44 40 76
118 120 52
135 137 91
118 119 43
103 107 62
136 137 92
91 96 116
139 137 125
69 68 72
72 77 46
31 30 122
109 105 87
91 98 59
115 111 55
65 67 28
1 9 51
80 73 46
43 48 128
77 76 115
113 114 87
106 105 29
112 120 27
49 44 7
116 115 30
100 97 9
73 72 94
99 91 44
37 33 113
141 136 120
98 97 42
67 69 41
104 110 60
50 52 94
84 83 20
108 103 42
61 65 44
6 5 102
81 89 54
55 58 79
11 19 119
127 131 16
134 141 96
131 130 52
139 137 77
117 115 67
59 57 139
59 51 123
19 18 123
88 84 73
139 138 50
48 44 112
117 118 63
83 88 40
41 49 72
126 130 70
128 125 5
72 78 61
97 92 125
136 143 38
47 48 97
46 48 131
98 95 114
77 72 14
52 60 77
117 120 1
31 36 15
19 18 38
63 66 60
143 134 11
89 87 76
53 52 63
7 0 61
98 95 55
3 2 74
28 29 132
14 11 31
92 95 40
135 139 15
10 11 116
2 7 36
38 33 134
6 5 103
104 109 0
26 24 94
93 95 130
61 62 38
80 76 17
7 8 42
141 134 38
71 79 102
98 96 130
92 95 5
64 68 142
114 120 102
113 117 57
71 76 91
82 86 77
105 103 68
46 42 72
72 79 104
94 91 44
39 36 8
91 95 107
69 61 137
27 20 3
55 50 11
132 121 107
109 103 89
3 5 78
18 19 100
91 95 31
108 105 30
3 5 62
0 4 123
122 127 83
115 117 122
47 48 7
41 48 22
112 120 129
22 25 78
1 9 142
102 101 94
27 28 134
52 55 65
113 115 4
50 51 121
62 69 104
17 11 67
100 91 107
37 32 89
92 94 78
43 46 88
47 48 39
106 108 93
36 37 107
26 24 99
110 106 40
109 110 20
13 19 92
4 6 141
136 143 74
111 112 95
66 63 124
73 77 31
98 93 6
123 127 104
139 134 97
50 60 7
17 16 121
113 116 57
31 34 58
40 41 80
54 57 131
6 3 75
35 34 127
3 0 57
70 63 57
38 32 83
143 138 79
142 135 125
78 74 7
34 32 99
80 76 101
27 25 99
137 134 68
87 84 57
119 117 86
44 43 85
92 100 17
94 92 139
76 71 86
42 48 7
73 71 117
110 101 10
12 14 56
98 94 40
136 141 44
99 100 107
93 92 125
122 124 35
94 100 47
129 130 78
35 32 40
19 18 38
138 139 22
55 58 107
22 29 40
92 99 109
19 11 35
130 125 17
65 67 10
18 14 54
98 96 140
36 34 114
42 46 120
112 113 140
31 32 44
35 36 89
